     0/299     3.03G   0.08773   0.02072         0    0.1085         9       480   0.01625     0.112  0.005631 0.0009545   0.08345   0.01354         0
     1/299     6.11G   0.07236   0.02102         0   0.09338        10       480    0.5357     0.375    0.3871    0.1814   0.05526   0.01215         0
     2/299     6.11G   0.05787   0.01902         0   0.07689         8       480  0.008293     0.362  0.004735  0.001458   0.07553   0.04184         0
     3/299     6.11G   0.04911   0.01706         0   0.06616         8       480    0.8254    0.6667    0.7681    0.4633   0.03562  0.008756         0
     4/299     6.11G   0.04315   0.01584         0   0.05899        14       480    0.7698    0.7839    0.8072    0.4896   0.03441  0.007673         0
     5/299     6.11G   0.03964   0.01458         0   0.05422         8       480     0.825    0.7995    0.8541    0.5523   0.03041  0.007225         0
     6/299     6.11G   0.03714   0.01396         0    0.0511         7       480    0.8177      0.75    0.8148    0.5224   0.03089  0.007284         0
     7/299     6.11G   0.03521   0.01334         0   0.04855         9       480    0.8308    0.8438    0.8764    0.5772   0.02759  0.006617         0
     8/299     6.11G   0.03345   0.01289         0   0.04634        13       480    0.8849    0.8411    0.8975    0.6196   0.02602  0.006366         0
     9/299     6.11G   0.03262   0.01243         0   0.04505         8       480    0.8828    0.8281    0.9099    0.6158   0.02568  0.006235         0
    10/299     6.11G   0.03139    0.0121         0   0.04349        10       480    0.8638    0.8594    0.9043    0.6352   0.02484  0.006106         0
    11/299     6.11G   0.03073   0.01182         0   0.04255        13       480    0.9048    0.8958    0.9436     0.676   0.02299  0.005421         0
    12/299     6.11G   0.02993   0.01148         0   0.04141         9       480    0.9315    0.8853    0.9362    0.6855   0.02324  0.005497         0
    13/299     6.11G   0.02939    0.0114         0   0.04079         7       480    0.9212    0.9139    0.9425    0.6845   0.02205  0.005346         0
    14/299     6.11G   0.02852   0.01109         0    0.0396        13       480     0.953    0.9062    0.9447    0.6888   0.02254  0.005201         0
    15/299     6.11G   0.02819   0.01098         0   0.03918         9       480    0.9308    0.9113    0.9508    0.6947   0.02221  0.005194         0
    16/299     6.11G   0.02781   0.01067         0   0.03849        14       480    0.9565    0.9167    0.9667    0.7422   0.02045  0.004746         0
    17/299     6.11G   0.02733   0.01062         0   0.03795        10       480    0.9454    0.9479    0.9709    0.7211   0.02052  0.004719         0
    18/299     6.11G   0.02705   0.01051         0   0.03756        17       480    0.9478    0.9453    0.9655    0.7316   0.02044  0.004733         0
    19/299     6.11G    0.0264   0.01032         0   0.03673         7       480      0.96    0.9374    0.9704    0.7464    0.0197  0.004516         0
    20/299     6.11G   0.02617   0.01014         0   0.03631        12       480     0.943    0.9479    0.9743     0.752   0.01976  0.004461         0
    21/299     6.11G    0.0259   0.01007         0   0.03597         9       480    0.9673    0.9271    0.9726    0.7533   0.01933  0.004364         0
    22/299     6.11G   0.02574  0.009916         0   0.03565         9       480    0.9653    0.9427    0.9691    0.7622   0.01906  0.004265         0
    23/299     6.11G   0.02527  0.009892         0   0.03516         8       480    0.9534    0.9583    0.9739    0.7713   0.01871  0.004198         0
    24/299     6.11G   0.02524  0.009742         0   0.03498         8       480    0.9657    0.9557    0.9762    0.7799   0.01786  0.004096         0
    25/299     6.11G   0.02507  0.009606         0   0.03467        10       480    0.9629    0.9505    0.9775    0.7792   0.01793   0.00411         0
    26/299     6.11G   0.02479  0.009498         0   0.03429         7       480    0.9609    0.9609    0.9823    0.7814   0.01782  0.004035         0
    27/299     6.11G   0.02468   0.00955         0   0.03423        12       480    0.9513     0.966     0.978    0.7915   0.01776  0.004032         0
    28/299     6.11G   0.02439   0.00934         0   0.03373        16       480    0.9736    0.9609    0.9843    0.7936   0.01751    0.0039         0
    29/299     6.11G   0.02423  0.009316         0   0.03355        12       480    0.9633    0.9583    0.9812    0.7986   0.01694  0.003899         0
    30/299     6.11G   0.02402  0.009239         0   0.03326         9       480    0.9585    0.9635    0.9829    0.7999   0.01681  0.003916         0
    31/299     6.11G   0.02373  0.009191         0   0.03293        15       480    0.9785    0.9531     0.982    0.8047   0.01671  0.003787         0
    32/299     6.11G   0.02381  0.009133         0   0.03294        11       480    0.9635    0.9634    0.9843    0.8024   0.01677  0.003785         0
    33/299     6.11G   0.02367  0.009166         0   0.03283        11       480    0.9759    0.9479    0.9843    0.8038    0.0162  0.003794         0
    34/299     6.11G   0.02348  0.009123         0   0.03261        10       480    0.9664    0.9766    0.9843    0.8064    0.0164  0.003712         0
    35/299     6.11G    0.0233   0.00894         0   0.03224         8       480    0.9661     0.966    0.9895    0.8167   0.01591  0.003605         0
    36/299     6.11G   0.02294  0.008865         0    0.0318         9       480    0.9739    0.9714    0.9898    0.8151    0.0159  0.003575         0
    37/299     6.11G   0.02312  0.008896         0   0.03201        10       480    0.9714     0.974    0.9899    0.8149   0.01612   0.00364         0
    38/299     6.11G   0.02304  0.008829         0   0.03187        12       480    0.9839    0.9583    0.9911    0.8181    0.0157  0.003597         0
    39/299     6.11G   0.02278  0.008775         0   0.03156        12       480    0.9842    0.9713    0.9913    0.8208   0.01557  0.003549         0
    40/299     6.11G   0.02276  0.008784         0   0.03155         7       480    0.9867    0.9687    0.9921    0.8216   0.01554  0.003526         0
    41/299     6.11G   0.02264  0.008774         0   0.03141         7       480    0.9791     0.974    0.9903    0.8224   0.01538  0.003526         0
    42/299     6.11G   0.02234  0.008645         0   0.03098        10       480    0.9919    0.9608     0.991    0.8268    0.0154  0.003481         0
    43/299     6.11G   0.02251  0.008544         0   0.03105        10       480    0.9893    0.9661    0.9913    0.8266   0.01541  0.003464         0
    44/299     6.11G   0.02229  0.008541         0   0.03083        10       480    0.9867    0.9688    0.9921    0.8283   0.01524  0.003443         0
    45/299     6.11G   0.02223  0.008542         0   0.03077        11       480    0.9716    0.9792    0.9927    0.8253   0.01526   0.00343         0
    46/299     6.11G    0.0222  0.008493         0   0.03069         9       480    0.9791    0.9764    0.9933     0.827   0.01512  0.003406         0
    47/299     6.11G   0.02207  0.008453         0   0.03052        13       480    0.9765    0.9766    0.9928    0.8296   0.01517  0.003407         0
    48/299     6.11G   0.02192  0.008462         0   0.03039         8       480    0.9816     0.974    0.9927    0.8306   0.01501  0.003384         0
    49/299     6.11G   0.02182  0.008321         0   0.03014         8       480    0.9789     0.974    0.9928    0.8315   0.01489  0.003337         0
    50/299     6.11G   0.02172  0.008369         0   0.03009         9       480    0.9742    0.9818    0.9925    0.8329   0.01484  0.003302         0
    51/299     6.11G   0.02182  0.008423         0   0.03024        17       480    0.9765    0.9766    0.9926    0.8365    0.0147  0.003276         0
    52/299     6.11G   0.02148  0.008253         0   0.02974         8       480    0.9767    0.9817    0.9937    0.8373   0.01464  0.003272         0
    53/299     6.11G   0.02153  0.008254         0   0.02978        12       480    0.9767    0.9818    0.9939    0.8439   0.01459  0.003247         0
    54/299     6.11G   0.02171  0.008312         0   0.03002         5       480    0.9766    0.9791    0.9938    0.8439   0.01456   0.00325         0
    55/299     6.11G    0.0216  0.008207         0   0.02981         9       480     0.974    0.9766    0.9924    0.8444   0.01453  0.003255         0
    56/299     6.11G   0.02157  0.008246         0   0.02982         7       480    0.9717    0.9844    0.9937     0.841    0.0145  0.003248         0
    57/299     6.11G   0.02139  0.008255         0   0.02965        10       480    0.9792    0.9818    0.9939    0.8443   0.01444  0.003251         0
    58/299     6.11G   0.02125  0.008201         0   0.02945        11       480    0.9742    0.9844    0.9938    0.8464   0.01434  0.003239         0
    59/299     6.11G   0.02123  0.008123         0   0.02935         9       480    0.9717    0.9844    0.9936    0.8465   0.01429  0.003223         0
    60/299     6.11G   0.02101  0.008058         0   0.02907         6       480    0.9766    0.9791    0.9935    0.8447   0.01424  0.003215         0
    61/299     6.11G   0.02089  0.008042         0   0.02893         6       480    0.9842     0.974    0.9936    0.8459   0.01422    0.0032         0
    62/299     6.11G   0.02109  0.008037         0   0.02913        11       480    0.9868    0.9713    0.9935    0.8447   0.01418  0.003193         0
    63/299     6.11G   0.02087  0.008065         0   0.02894        12       480    0.9668    0.9896    0.9935    0.8481    0.0141  0.003177         0
    64/299     6.11G   0.02084  0.008023         0   0.02886        11       480    0.9742     0.987    0.9935    0.8473   0.01406  0.003157         0
    65/299     6.11G    0.0207  0.007998         0    0.0287         8       480    0.9744    0.9895    0.9935    0.8471   0.01404  0.003145         0
    66/299     6.11G   0.02064  0.007998         0   0.02864        10       480    0.9742    0.9896    0.9936    0.8481     0.014  0.003138         0
    67/299     6.11G   0.02066  0.007909         0   0.02857        11       480    0.9744    0.9895    0.9936    0.8497   0.01397  0.003132         0
    68/299     6.11G   0.02059  0.007826         0   0.02841         6       480    0.9768     0.987    0.9937    0.8498   0.01394  0.003127         0
    69/299     6.11G   0.02054  0.007881         0   0.02842         4       480    0.9768     0.987    0.9936      0.85    0.0139  0.003121         0
    70/299     6.11G   0.02051  0.007849         0   0.02836        11       480    0.9768     0.987    0.9937     0.851   0.01386  0.003112         0
    71/299     6.11G    0.0206  0.007834         0   0.02843        12       480    0.9793    0.9869    0.9937    0.8502   0.01385   0.00311         0
    72/299     6.11G   0.02028  0.007719         0     0.028         6       480    0.9793    0.9869    0.9938    0.8521   0.01383  0.003105         0
    73/299     6.11G   0.02021  0.007813         0   0.02802        10       480    0.9793     0.987    0.9939     0.851   0.01381  0.003101         0
    74/299     6.11G   0.02056  0.007822         0   0.02838        11       480    0.9793     0.987    0.9939    0.8514   0.01377  0.003096         0
    75/299     6.11G   0.02021  0.007775         0   0.02799         7       480    0.9793     0.987     0.994    0.8512   0.01375  0.003093         0
    76/299     6.11G   0.02025  0.007768         0   0.02802         8       480    0.9793     0.987     0.994     0.852   0.01373  0.003089         0
    77/299     6.11G   0.02029  0.007757         0   0.02804        12       480    0.9793     0.987     0.994    0.8527   0.01372  0.003085         0
    78/299     6.11G   0.02009  0.007815         0   0.02791        10       480    0.9793     0.987     0.994     0.852    0.0137  0.003082         0
    79/299     6.11G   0.02005  0.007628         0   0.02768        11       480    0.9793     0.987     0.994    0.8515   0.01368  0.003078         0
    80/299     6.11G   0.01994  0.007655         0    0.0276         8       480    0.9793     0.987    0.9941    0.8518   0.01367  0.003074         0
    81/299     6.11G    0.0199  0.007616         0   0.02752         7       480    0.9867    0.9818    0.9942    0.8521   0.01365   0.00307         0
    82/299     6.11G   0.01997  0.007616         0   0.02758        10       480    0.9869    0.9817    0.9942    0.8514   0.01364  0.003067         0
    83/299     6.11G   0.01966  0.007582         0   0.02724         9       480    0.9844    0.9843    0.9942     0.852   0.01362  0.003061         0
    84/299     6.11G   0.01974  0.007615         0   0.02736         9       480    0.9819     0.987    0.9942    0.8531    0.0136  0.003055         0
    85/299     6.11G   0.01963  0.007509         0   0.02714        14       480    0.9819     0.987    0.9943    0.8547   0.01359   0.00305         0
    86/299     6.11G   0.01962  0.007539         0   0.02716        14       480    0.9819     0.987    0.9943    0.8544   0.01358  0.003046         0
    87/299     6.11G   0.01967  0.007522         0   0.02719        13       480    0.9869    0.9843    0.9943    0.8546   0.01357  0.003041         0
    88/299     6.11G   0.01968  0.007487         0   0.02717        14       480    0.9844     0.987    0.9944    0.8555   0.01356  0.003036         0
    89/299     6.11G   0.01954  0.007501         0   0.02704        11       480    0.9844     0.987    0.9944    0.8563   0.01354  0.003032         0
    90/299     6.11G   0.01942  0.007401         0   0.02682        10       480    0.9844     0.987    0.9944    0.8566   0.01352  0.003027         0
    91/299     6.11G   0.01949  0.007419         0   0.02691        17       480    0.9844     0.987    0.9944    0.8577    0.0135  0.003021         0
    92/299     6.11G   0.01947   0.00754         0   0.02701        11       480    0.9844     0.987    0.9944    0.8573   0.01349  0.003017         0
    93/299     6.11G   0.01933  0.007413         0   0.02674        13       480    0.9844     0.987    0.9944    0.8583   0.01347  0.003011         0
    94/299     6.11G   0.01936  0.007351         0   0.02671        10       480    0.9844     0.987    0.9945    0.8593   0.01345  0.003005         0
    95/299     6.11G   0.01921  0.007335         0   0.02655        10       480    0.9895    0.9843    0.9945    0.8605   0.01343  0.003001         0
    96/299     6.11G   0.01927  0.007298         0   0.02656        14       480    0.9895    0.9844    0.9945    0.8595    0.0134  0.002996         0
    97/299     6.11G    0.0193   0.00745         0   0.02675         4       480    0.9895    0.9844    0.9946    0.8625   0.01338  0.002991         0
    98/299     6.11G   0.01924  0.007366         0   0.02661        13       480    0.9895    0.9844    0.9946     0.862   0.01336  0.002986         0
    99/299     6.11G   0.01924  0.007292         0   0.02654        11       480    0.9895    0.9844    0.9946    0.8628   0.01334   0.00298         0
   100/299     6.11G   0.01906  0.007297         0   0.02636        11       480    0.9895    0.9844    0.9946    0.8632   0.01333  0.002976         0
   101/299     6.11G   0.01906  0.007235         0    0.0263         8       480    0.9895    0.9844    0.9946    0.8633   0.01331  0.002972         0
   102/299     6.11G    0.0191  0.007282         0   0.02638        10       480    0.9895    0.9844    0.9946    0.8631    0.0133  0.002968         0
   103/299     6.11G     0.019  0.007255         0   0.02625        14       480    0.9921    0.9817    0.9947    0.8646   0.01328  0.002963         0
   104/299     6.11G   0.01884  0.007211         0   0.02605        10       480     0.992    0.9818    0.9947    0.8655   0.01327  0.002958         0
   105/299     6.11G   0.01911  0.007306         0   0.02642         7       480    0.9947    0.9815    0.9947    0.8656   0.01325  0.002953         0
   106/299     6.11G   0.01899  0.007218         0   0.02621         8       480    0.9947    0.9817    0.9947    0.8656   0.01323  0.002948         0
   107/299     6.11G   0.01876   0.00714         0    0.0259        11       480    0.9947    0.9815    0.9947    0.8649   0.01321  0.002943         0
   108/299     6.11G    0.0189   0.00728         0   0.02618        15       480    0.9946    0.9792    0.9947    0.8671   0.01319  0.002937         0
   109/299     6.11G   0.01879  0.007198         0   0.02599        12       480    0.9921    0.9817    0.9947    0.8663   0.01317  0.002931         0
   110/299     6.11G   0.01876  0.007158         0   0.02592        12       480    0.9921    0.9817    0.9946     0.867   0.01315  0.002926         0
   111/299     6.11G    0.0188  0.007201         0     0.026        11       480    0.9947    0.9817    0.9946     0.867   0.01313   0.00292         0
   112/299     6.11G   0.01859  0.007142         0   0.02573         9       480    0.9947    0.9818    0.9947    0.8676   0.01311  0.002914         0
   113/299     6.11G   0.01866  0.007126         0   0.02579        10       480    0.9947    0.9818    0.9946    0.8684   0.01309   0.00291         0
   114/299     6.11G   0.01847  0.007062         0   0.02553        15       480    0.9947    0.9818    0.9946    0.8685   0.01306  0.002905         0
   115/299     6.11G   0.01858  0.007148         0   0.02573        11       480    0.9947    0.9818    0.9946    0.8688   0.01304    0.0029         0
   116/299     6.11G   0.01859  0.007132         0   0.02572        11       480    0.9947    0.9817    0.9946    0.8695   0.01302  0.002895         0
   117/299     6.11G   0.01836   0.00696         0   0.02532        12       480    0.9947    0.9817    0.9946    0.8702   0.01299  0.002889         0
   118/299     6.11G   0.01833   0.00701         0   0.02534        13       480    0.9947    0.9817    0.9946    0.8706   0.01297  0.002883         0
   119/299     6.11G   0.01815  0.006988         0   0.02513         9       480    0.9947    0.9818    0.9947    0.8715   0.01295  0.002878         0
   120/299     6.11G   0.01826   0.00701         0   0.02527         3       480    0.9947    0.9818    0.9947    0.8726   0.01292  0.002873         0
   121/299     6.11G   0.01832  0.007008         0   0.02533         9       480    0.9947    0.9818    0.9946    0.8729    0.0129  0.002868         0
   122/299     6.11G   0.01817  0.006919         0   0.02509         8       480    0.9947    0.9818    0.9947    0.8732   0.01288  0.002862         0
   123/299     6.11G   0.01821  0.007008         0   0.02522        15       480    0.9947    0.9818    0.9947    0.8739   0.01286  0.002857         0
   124/299     6.11G   0.01818  0.006976         0   0.02516         6       480    0.9947    0.9817    0.9946    0.8751   0.01283  0.002853         0
   125/299     6.11G   0.01803  0.006987         0   0.02501         7       480    0.9947    0.9818    0.9947    0.8754   0.01281  0.002849         0
   126/299     6.11G   0.01797  0.006909         0   0.02488        17       480    0.9947    0.9818    0.9947    0.8753   0.01279  0.002846         0
   127/299     6.11G   0.01794  0.006894         0   0.02483        14       480    0.9972    0.9818    0.9947    0.8763   0.01277  0.002841         0
   128/299     6.11G    0.0178  0.006866         0   0.02467        12       480    0.9974    0.9817    0.9947    0.8764   0.01275  0.002838         0
   129/299     6.11G   0.01782  0.006888         0   0.02471        12       480    0.9973    0.9818    0.9947    0.8767   0.01274  0.002834         0
   130/299     6.11G   0.01791  0.006876         0   0.02479        12       480    0.9973    0.9818    0.9947    0.8768   0.01272  0.002831         0
   131/299     6.11G   0.01791  0.006836         0   0.02474        14       480    0.9973    0.9818    0.9947    0.8769    0.0127  0.002826         0
   132/299     6.11G   0.01788  0.006887         0   0.02476        14       480    0.9973    0.9818    0.9947    0.8772   0.01268   0.00282         0
   133/299     6.11G   0.01788  0.006808         0   0.02469        12       480    0.9973    0.9818    0.9948    0.8773   0.01266  0.002815         0
   134/299     6.11G   0.01786  0.006826         0   0.02469         9       480    0.9974    0.9817    0.9948    0.8773   0.01263  0.002811         0
   135/299     6.11G   0.01761  0.006758         0   0.02437         6       480    0.9974    0.9817    0.9948    0.8765   0.01262  0.002807         0
   136/299     6.11G   0.01778   0.00686         0   0.02464         9       480    0.9974    0.9818    0.9948    0.8775   0.01259  0.002803         0
   137/299     6.11G   0.01776  0.006726         0   0.02449        12       480    0.9973    0.9818    0.9948    0.8775   0.01256  0.002799         0
   138/299     6.11G   0.01765  0.006817         0   0.02446        10       480    0.9974    0.9818    0.9948    0.8776   0.01254  0.002794         0
   139/299     6.11G   0.01759  0.006844         0   0.02443        10       480    0.9973    0.9818    0.9948    0.8776   0.01252   0.00279         0
   140/299     6.11G   0.01751    0.0067         0   0.02421         7       480    0.9947    0.9843    0.9948    0.8776    0.0125  0.002785         0
   141/299     6.11G   0.01751   0.00672         0   0.02423        12       480    0.9947    0.9844    0.9948    0.8778   0.01248  0.002781         0
   142/299     6.11G    0.0175  0.006722         0   0.02422        14       480    0.9973    0.9818    0.9948    0.8788   0.01245  0.002775         0
   143/299     6.11G   0.01738  0.006705         0   0.02409        13       480    0.9947    0.9844    0.9948    0.8792   0.01243  0.002771         0
   144/299     6.11G   0.01726  0.006641         0    0.0239        11       480    0.9947    0.9843    0.9948    0.8796    0.0124  0.002766         0
   145/299     6.11G   0.01736  0.006654         0   0.02401         9       480    0.9947    0.9844    0.9949    0.8797   0.01238  0.002761         0
   146/299     6.11G   0.01739  0.006689         0   0.02408        15       480    0.9896    0.9896    0.9949    0.8797   0.01237  0.002755         0
   147/299     6.11G   0.01734  0.006619         0   0.02396        13       480     0.987    0.9922    0.9949    0.8807   0.01235  0.002749         0
   148/299     6.11G   0.01703   0.00657         0    0.0236        12       480     0.987    0.9922    0.9949    0.8808   0.01233  0.002744         0
   149/299     6.11G   0.01716  0.006666         0   0.02383         7       480     0.987    0.9921    0.9949    0.8811   0.01231  0.002739         0
   150/299     6.11G   0.01714  0.006586         0   0.02373        14       480    0.9845    0.9948    0.9949    0.8811   0.01228  0.002733         0
   151/299     6.11G   0.01701  0.006613         0   0.02363        12       480    0.9845    0.9948     0.995    0.8814   0.01226  0.002728         0
   152/299     6.11G    0.0171  0.006538         0   0.02364        13       480    0.9871    0.9948     0.995    0.8824   0.01223  0.002722         0
   153/299     6.11G   0.01697  0.006522         0   0.02349         9       480    0.9871    0.9948     0.995    0.8819    0.0122  0.002717         0
   154/299     6.11G   0.01698  0.006518         0   0.02349        17       480    0.9871    0.9948     0.995    0.8819   0.01217  0.002713         0
   155/299     6.11G   0.01677  0.006499         0   0.02327         7       480    0.9896    0.9948     0.995    0.8819   0.01215  0.002708         0
   156/299     6.11G   0.01684  0.006432         0   0.02327        12       480    0.9896    0.9948     0.995    0.8832   0.01212  0.002703         0
   157/299     6.11G   0.01695  0.006502         0   0.02346         8       480    0.9896    0.9948     0.995    0.8836    0.0121  0.002698         0
   158/299     6.11G   0.01697  0.006512         0   0.02348        10       480    0.9896    0.9948     0.995    0.8837   0.01208  0.002694         0
   159/299     6.11G   0.01674  0.006417         0   0.02316         6       480    0.9896    0.9948     0.995    0.8842   0.01205  0.002689         0
   160/299     6.11G   0.01669  0.006476         0   0.02317        13       480    0.9896    0.9948     0.995    0.8844   0.01203  0.002685         0
   161/299     6.11G   0.01672  0.006424         0   0.02314        13       480    0.9896    0.9948     0.995    0.8851   0.01201  0.002681         0
   162/299     6.11G   0.01683  0.006453         0   0.02328        16       480    0.9896    0.9948    0.9951    0.8849   0.01199  0.002677         0
   163/299     6.11G   0.01666  0.006453         0   0.02311        10       480    0.9896    0.9948    0.9951    0.8859   0.01197  0.002672         0
   164/299     6.11G   0.01649  0.006387         0   0.02287        10       480    0.9896    0.9948    0.9951    0.8861   0.01195  0.002668         0
   165/299     6.11G   0.01666  0.006393         0   0.02306         6       480    0.9896    0.9948    0.9951    0.8863   0.01192  0.002663         0
   166/299     6.11G    0.0166  0.006384         0   0.02299        14       480    0.9896    0.9948    0.9951    0.8861    0.0119  0.002658         0
   167/299     6.11G   0.01658  0.006361         0   0.02294        12       480    0.9922    0.9948    0.9951    0.8866   0.01188  0.002654         0
   168/299     6.11G   0.01651  0.006373         0   0.02288         9       480    0.9922    0.9948    0.9951    0.8867   0.01185  0.002649         0
   169/299     6.11G    0.0165  0.006366         0   0.02287        10       480    0.9922    0.9948    0.9951    0.8868   0.01183  0.002645         0
   170/299     6.11G   0.01646   0.00635         0   0.02281        13       480    0.9922    0.9948    0.9951    0.8871   0.01181  0.002641         0
   171/299     6.11G   0.01638  0.006303         0   0.02268        14       480    0.9922    0.9948    0.9951    0.8879   0.01178  0.002636         0
   172/299     6.11G   0.01636  0.006267         0   0.02262        11       480    0.9922    0.9948    0.9951    0.8875   0.01176  0.002632         0
   173/299     6.11G   0.01625  0.006298         0   0.02255        14       480    0.9922    0.9948    0.9952    0.8875   0.01174  0.002627         0
   174/299     6.11G   0.01613  0.006237         0   0.02237        11       480    0.9922    0.9948    0.9952    0.8877   0.01171  0.002622         0
   175/299     6.11G   0.01615  0.006242         0   0.02239         8       480    0.9922    0.9948    0.9951    0.8893   0.01169  0.002618         0
   176/299     6.11G   0.01614  0.006222         0   0.02236        13       480    0.9922    0.9948    0.9952    0.8904   0.01166  0.002613         0
   177/299     6.11G   0.01612  0.006154         0   0.02227        17       480    0.9948    0.9948    0.9952    0.8898   0.01164  0.002608         0
   178/299     6.11G   0.01611  0.006139         0   0.02225         8       480    0.9948    0.9948    0.9952    0.8902   0.01162  0.002605         0
   179/299     6.11G   0.01606  0.006209         0   0.02227        18       480    0.9948    0.9948    0.9952    0.8898    0.0116    0.0026         0
   180/299     6.11G   0.01614  0.006282         0   0.02242         9       480    0.9948    0.9948    0.9952    0.8905   0.01158  0.002595         0
   181/299     6.11G   0.01606  0.006227         0   0.02229        10       480    0.9948    0.9948    0.9952    0.8913   0.01155  0.002591         0
   182/299     6.11G    0.0161  0.006203         0    0.0223         8       480    0.9948    0.9948    0.9952    0.8932   0.01152  0.002587         0
   183/299     6.11G    0.0161  0.006114         0   0.02221         8       480    0.9948    0.9948    0.9952     0.893    0.0115  0.002582         0
   184/299     6.11G   0.01597  0.006149         0   0.02212         5       480    0.9948    0.9948    0.9952    0.8938   0.01147  0.002577         0
   185/299     6.11G   0.01592  0.006108         0   0.02203        10       480    0.9948    0.9948    0.9952    0.8937   0.01145  0.002573         0
   186/299     6.11G   0.01592  0.006113         0   0.02203         9       480    0.9948    0.9948    0.9952    0.8938   0.01143  0.002569         0
   187/299     6.11G   0.01586  0.006136         0     0.022        10       480    0.9948    0.9948    0.9952    0.8939   0.01141  0.002564         0
   188/299     6.11G   0.01577  0.006137         0   0.02191        11       480    0.9948    0.9948    0.9952    0.8942   0.01138   0.00256         0
   189/299     6.11G   0.01556  0.006054         0   0.02161         9       480    0.9948    0.9948    0.9952    0.8951   0.01136  0.002556         0
   190/299     6.11G   0.01566  0.006096         0   0.02176        11       480    0.9948    0.9948    0.9952    0.8949   0.01134  0.002552         0
   191/299     6.11G   0.01575  0.006107         0   0.02186        11       480    0.9948    0.9948    0.9952    0.8956   0.01132  0.002548         0
   192/299     6.11G   0.01544  0.006019         0   0.02146        10       480    0.9948    0.9948    0.9951    0.8958   0.01129  0.002543         0
   193/299     6.11G   0.01556  0.006027         0   0.02159        17       480    0.9948    0.9948    0.9952    0.8967   0.01127  0.002539         0
   194/299     6.11G   0.01561  0.006034         0   0.02164         9       480    0.9948    0.9948    0.9951    0.8966   0.01124  0.002535         0
   195/299     6.11G   0.01552  0.006025         0   0.02154         9       480    0.9948    0.9948    0.9952    0.8967   0.01121  0.002531         0
   196/299     6.11G    0.0154  0.005945         0   0.02134        14       480    0.9948    0.9948    0.9952    0.8974   0.01119  0.002525         0
   197/299     6.11G   0.01542  0.005997         0   0.02141        14       480    0.9948    0.9948    0.9952    0.8982   0.01117  0.002521         0
   198/299     6.11G   0.01537  0.006013         0   0.02138        14       480    0.9948    0.9948    0.9952     0.898   0.01114  0.002516         0
   199/299     6.11G   0.01536  0.006012         0   0.02138        10       480    0.9948    0.9948    0.9952    0.8993   0.01112  0.002512         0
   200/299     6.11G   0.01538  0.005936         0   0.02132         8       480    0.9948    0.9948    0.9952    0.8995    0.0111  0.002507         0
   201/299     6.11G   0.01525  0.005963         0   0.02121        13       480    0.9948    0.9948    0.9952    0.8999   0.01107  0.002503         0
   202/299     6.11G   0.01528  0.005872         0   0.02115         8       480    0.9948    0.9948    0.9952    0.9001   0.01106  0.002498         0
   203/299     6.11G   0.01517  0.005951         0   0.02112        10       480    0.9948    0.9948    0.9952    0.9019   0.01104  0.002495         0
   204/299     6.11G   0.01526  0.005898         0   0.02116        13       480    0.9948    0.9948    0.9952    0.9023   0.01101   0.00249         0
   205/299     6.11G   0.01508  0.005826         0    0.0209        12       480    0.9948    0.9948    0.9952    0.9024     0.011  0.002487         0
   206/299     6.11G   0.01516  0.005907         0   0.02107        12       480    0.9948    0.9948    0.9952    0.9021   0.01098  0.002483         0
   207/299     6.11G   0.01514  0.005874         0   0.02102         6       480    0.9948    0.9948    0.9952    0.9028   0.01096  0.002479         0
   208/299     6.11G     0.015  0.005862         0   0.02087        12       480    0.9948    0.9948    0.9953    0.9031   0.01094  0.002474         0
   209/299     6.11G   0.01498  0.005767         0   0.02075         9       480    0.9948    0.9948    0.9953    0.9035   0.01092   0.00247         0
   210/299     6.11G   0.01501  0.005859         0   0.02087        15       480    0.9948    0.9948    0.9952    0.9037    0.0109  0.002466         0
   211/299     6.11G   0.01494  0.005753         0    0.0207        10       480    0.9948    0.9948    0.9952     0.904   0.01088  0.002462         0
   212/299     6.11G   0.01502   0.00579         0   0.02081         8       480    0.9948    0.9948    0.9953    0.9041   0.01086  0.002458         0
   213/299     6.11G   0.01492  0.005825         0   0.02075        11       480    0.9948    0.9948    0.9953    0.9047   0.01084  0.002453         0
   214/299     6.11G   0.01487  0.005794         0   0.02067        14       480    0.9948    0.9948    0.9953    0.9048   0.01082   0.00245         0
   215/299     6.11G   0.01489   0.00578         0   0.02067        11       480    0.9948    0.9948    0.9953    0.9052    0.0108  0.002446         0
   216/299     6.11G   0.01467   0.00576         0   0.02043         6       480    0.9948    0.9948    0.9953    0.9053   0.01077  0.002442         0
   217/299     6.11G   0.01459  0.005682         0   0.02027        11       480    0.9948    0.9948    0.9953    0.9062   0.01074  0.002438         0
   218/299     6.11G   0.01478  0.005736         0   0.02052        12       480    0.9948    0.9948    0.9953    0.9062   0.01072  0.002434         0
   219/299     6.11G   0.01468  0.005712         0   0.02039        13       480    0.9948    0.9948    0.9953    0.9067   0.01069  0.002429         0
   220/299     6.11G   0.01461  0.005657         0   0.02027         9       480    0.9948    0.9948    0.9953    0.9068   0.01067  0.002425         0
   221/299     6.11G   0.01464  0.005659         0    0.0203        10       480    0.9948    0.9948    0.9953    0.9069   0.01064   0.00242         0
   222/299     6.11G    0.0146  0.005642         0   0.02024        13       480    0.9974     0.994    0.9954    0.9071   0.01061  0.002414         0
   223/299     6.11G   0.01459  0.005713         0    0.0203        12       480    0.9974    0.9945    0.9954    0.9072   0.01059  0.002409         0
   224/299     6.11G   0.01445  0.005667         0   0.02012         9       480    0.9948    0.9948    0.9954    0.9075   0.01056  0.002404         0
   225/299     6.11G   0.01448  0.005631         0   0.02011        17       480    0.9948    0.9948    0.9954    0.9077   0.01053  0.002398         0
   226/299     6.11G   0.01441   0.00562         0   0.02003        11       480    0.9948    0.9948    0.9954    0.9076   0.01051  0.002392         0
   227/299     6.11G   0.01441   0.00557         0   0.01998        12       480    0.9948    0.9948    0.9954    0.9084   0.01049  0.002387         0
   228/299     6.11G   0.01436  0.005616         0   0.01998        11       480    0.9948    0.9948    0.9954     0.909   0.01047  0.002382         0
   229/299     6.11G   0.01443  0.005597         0   0.02003        13       480    0.9922    0.9974    0.9954    0.9095   0.01045  0.002378         0
   230/299     6.11G   0.01441  0.005593         0   0.02001        15       480    0.9948    0.9948    0.9954    0.9096   0.01043  0.002373         0
   231/299     6.11G   0.01433  0.005557         0   0.01989         8       480    0.9948    0.9948    0.9955    0.9104   0.01041  0.002369         0
   232/299     6.11G   0.01429   0.00555         0   0.01984        10       480    0.9948    0.9948    0.9955    0.9106   0.01038  0.002364         0
   233/299     6.11G   0.01422  0.005521         0   0.01975        11       480    0.9922    0.9974    0.9955    0.9109   0.01036   0.00236         0
   234/299     6.11G   0.01418  0.005524         0    0.0197        16       480    0.9948    0.9974    0.9955    0.9107   0.01033  0.002356         0
   235/299     6.11G   0.01409  0.005528         0   0.01962        12       480    0.9948    0.9974    0.9955    0.9111   0.01031  0.002351         0
   236/299     6.11G   0.01412  0.005534         0   0.01965        10       480    0.9948    0.9974    0.9955    0.9115   0.01029  0.002346         0
   237/299     6.11G   0.01405  0.005525         0   0.01958        12       480    0.9948    0.9974    0.9955    0.9119   0.01026  0.002341         0
   238/299     6.11G   0.01396  0.005463         0   0.01943        12       480    0.9948    0.9974    0.9955    0.9123   0.01024  0.002336         0
   239/299     6.11G   0.01394  0.005414         0   0.01936         9       480    0.9948    0.9974    0.9955    0.9133   0.01022  0.002332         0
   240/299     6.11G   0.01408  0.005482         0   0.01956        13       480    0.9948    0.9974    0.9955    0.9134    0.0102  0.002327         0
   241/299     6.11G   0.01404  0.005474         0   0.01952        10       480    0.9948    0.9974    0.9956    0.9137   0.01018  0.002323         0
   242/299     6.11G   0.01401  0.005434         0   0.01944        10       480    0.9948    0.9974    0.9956     0.914   0.01016  0.002318         0
   243/299     6.11G   0.01393  0.005419         0   0.01935        14       480    0.9948    0.9974    0.9956    0.9146   0.01014  0.002313         0
   244/299     6.11G   0.01397  0.005431         0    0.0194         8       480    0.9948    0.9974    0.9956     0.915   0.01012  0.002309         0
   245/299     6.11G   0.01397  0.005449         0   0.01942         8       480    0.9948    0.9974    0.9956     0.916    0.0101  0.002304         0
   246/299     6.11G   0.01375  0.005408         0   0.01916        14       480    0.9948    0.9974    0.9956    0.9176   0.01008    0.0023         0
   247/299     6.11G   0.01385  0.005396         0   0.01925        11       480    0.9948    0.9974    0.9957    0.9162   0.01006  0.002295         0
   248/299     6.11G   0.01385  0.005407         0   0.01925        14       480    0.9948    0.9974    0.9957    0.9169   0.01004  0.002291         0
   249/299     6.11G   0.01378  0.005363         0   0.01914        11       480    0.9948    0.9974    0.9957    0.9169   0.01003  0.002288         0
   250/299     6.11G   0.01368  0.005353         0   0.01903        17       480    0.9948    0.9974    0.9957    0.9183   0.01001  0.002284         0
   251/299     6.11G   0.01363  0.005339         0   0.01897         9       480    0.9948    0.9974    0.9957    0.9185  0.009987  0.002279         0
   252/299     6.11G   0.01361   0.00531         0   0.01891        10       480    0.9948    0.9974    0.9957    0.9179  0.009967  0.002274         0
   253/299     6.11G   0.01366  0.005333         0   0.01899        14       480    0.9948    0.9974    0.9958    0.9181  0.009947   0.00227         0
   254/299     6.11G   0.01366  0.005313         0   0.01898         8       480    0.9948    0.9974    0.9958    0.9198  0.009927  0.002266         0
   255/299     6.11G   0.01357  0.005357         0   0.01893         9       480    0.9948    0.9974    0.9958    0.9202   0.00991  0.002262         0
   256/299     6.11G   0.01357   0.00531         0   0.01888        10       480    0.9948    0.9974    0.9958    0.9205  0.009891  0.002259         0
   257/299     6.11G    0.0136  0.005291         0   0.01889        16       480    0.9948    0.9974    0.9958    0.9209   0.00987  0.002255         0
   258/299     6.11G   0.01355  0.005259         0   0.01881         8       480    0.9948    0.9974    0.9958    0.9213  0.009852  0.002252         0
   259/299     6.11G   0.01349  0.005284         0   0.01878        14       480    0.9948    0.9974    0.9958    0.9228  0.009832  0.002248         0
   260/299     6.11G   0.01336  0.005232         0   0.01859         7       480    0.9948    0.9974    0.9958    0.9234  0.009806  0.002244         0
   261/299     6.11G    0.0134  0.005295         0    0.0187        11       480    0.9948    0.9974    0.9958    0.9234  0.009782  0.002241         0
   262/299     6.11G   0.01331  0.005227         0   0.01854        14       480    0.9948    0.9974    0.9958    0.9244  0.009764  0.002238         0
   263/299     6.11G   0.01335    0.0052         0   0.01855         9       480    0.9948    0.9974    0.9958    0.9248  0.009745  0.002235         0
   264/299     6.11G   0.01334  0.005266         0    0.0186        12       480    0.9948    0.9974    0.9958    0.9244  0.009726  0.002231         0
   265/299     6.11G   0.01337   0.00524         0   0.01861        11       480    0.9948    0.9974    0.9958    0.9247  0.009709  0.002227         0
   266/299     6.11G   0.01332  0.005191         0   0.01851         9       480    0.9948    0.9974    0.9959    0.9254  0.009689  0.002223         0
   267/299     6.11G   0.01334  0.005186         0   0.01853        10       480    0.9948    0.9974    0.9959    0.9262  0.009673  0.002218         0
   268/299     6.11G   0.01324  0.005198         0   0.01844         7       480    0.9948    0.9974    0.9959    0.9266  0.009654  0.002214         0
   269/299     6.11G   0.01335  0.005161         0   0.01851         8       480    0.9948    0.9974    0.9959    0.9266  0.009636   0.00221         0
   270/299     6.11G   0.01332  0.005205         0   0.01853        10       480    0.9948    0.9974    0.9959    0.9275  0.009613  0.002205         0
   271/299     6.11G   0.01329  0.005176         0   0.01847         9       480    0.9948    0.9974    0.9959     0.928  0.009593  0.002201         0
   272/299     6.11G   0.01317  0.005148         0   0.01832        14       480    0.9948    0.9974    0.9959     0.928  0.009578  0.002198         0
   273/299     6.11G   0.01322   0.00518         0    0.0184        15       480    0.9948    0.9974     0.996    0.9283  0.009562  0.002195         0
   274/299     6.11G   0.01318  0.005176         0   0.01836        12       480    0.9948    0.9974     0.996    0.9283  0.009548  0.002192         0
   275/299     6.11G   0.01312  0.005184         0   0.01831        12       480    0.9948    0.9974     0.996    0.9284  0.009531  0.002189         0
   276/299     6.11G   0.01321  0.005169         0   0.01838        10       480    0.9948    0.9974    0.9961    0.9291  0.009517  0.002186         0
   277/299     6.11G   0.01322  0.005224         0   0.01844        12       480    0.9948    0.9974    0.9961    0.9291  0.009509  0.002183         0
   278/299     6.11G   0.01307  0.005142         0   0.01821        13       480    0.9948    0.9974    0.9961    0.9291  0.009497   0.00218         0
   279/299     6.11G   0.01309  0.005106         0    0.0182         6       480    0.9948    0.9974    0.9961    0.9291  0.009482  0.002177         0
   280/299     6.11G   0.01314  0.005181         0   0.01832         4       480    0.9948    0.9974    0.9961    0.9289  0.009465  0.002173         0
   281/299     6.11G   0.01304  0.005097         0   0.01814         9       480    0.9948    0.9974    0.9961    0.9291  0.009453  0.002169         0
   282/299     6.11G   0.01299  0.005164         0   0.01815         8       480    0.9948    0.9974    0.9962    0.9291  0.009442  0.002167         0
   283/299     6.11G   0.01315  0.005129         0   0.01828        11       480    0.9948    0.9974    0.9962    0.9293  0.009428  0.002164         0
   284/299     6.11G   0.01305  0.005125         0   0.01817        14       480    0.9948    0.9974    0.9962    0.9292  0.009414   0.00216         0
   285/299     6.11G   0.01291  0.005059         0   0.01796         7       480    0.9948    0.9974    0.9963    0.9291  0.009402  0.002157         0
   286/299     6.11G   0.01301  0.005126         0   0.01813         9       480    0.9948    0.9974    0.9963    0.9292  0.009387  0.002155         0
   287/299     6.11G   0.01297  0.005063         0   0.01803        13       480    0.9948    0.9974    0.9963    0.9294   0.00937  0.002151         0
   288/299     6.11G   0.01307  0.005121         0   0.01819         7       480    0.9948    0.9974    0.9963    0.9293  0.009354  0.002148         0
   289/299     6.11G   0.01304  0.005147         0   0.01818        13       480    0.9948    0.9974    0.9963    0.9293  0.009344  0.002145         0
   290/299     6.11G   0.01286  0.005033         0    0.0179        12       480    0.9948    0.9974    0.9963    0.9294  0.009332  0.002142         0
   291/299     6.11G   0.01296    0.0051         0   0.01806         8       480    0.9948    0.9974    0.9963    0.9295  0.009321  0.002138         0
   292/299     6.11G   0.01313  0.005091         0   0.01822        12       480    0.9948    0.9974    0.9963    0.9296  0.009308  0.002135         0
   293/299     6.11G   0.01291  0.005048         0   0.01795        10       480    0.9948    0.9974    0.9964    0.9297  0.009295  0.002132         0
   294/299     6.11G   0.01296  0.005102         0   0.01807         8       480    0.9948    0.9974    0.9964    0.9297  0.009281  0.002129         0
   295/299     6.11G   0.01286  0.005067         0   0.01792        15       480    0.9948    0.9974    0.9964    0.9298  0.009265  0.002126         0
   296/299     6.11G   0.01296  0.005111         0   0.01807        12       480    0.9948    0.9974    0.9964    0.9307  0.009252  0.002123         0
   297/299     6.11G   0.01293  0.005064         0     0.018         9       480    0.9948    0.9974    0.9964    0.9308  0.009238   0.00212         0
   298/299     6.11G   0.01304  0.005086         0   0.01812         5       480    0.9974    0.9974    0.9964    0.9309  0.009225  0.002117         0
   299/299     6.11G   0.01302  0.005087         0   0.01811        10       480    0.9974    0.9974    0.9964    0.9313  0.009209  0.002114         0
