     0/299     4.93G   0.08852   0.02055         0    0.1091        30       480   0.01508   0.07559  0.004845 0.0007557   0.08363   0.01265         0
     1/299     5.92G   0.07479   0.02113         0   0.09592        25       480    0.3511    0.2376    0.1893   0.06821   0.06298   0.01194         0
     2/299     5.92G   0.05986   0.01943         0   0.07929        30       480    0.4499    0.3639     0.325    0.1417   0.05093   0.01134         0
     3/299     7.51G   0.05007   0.01729         0   0.06735        22       480    0.7981    0.5635    0.6659    0.3379   0.04197  0.009226         0
     4/299     7.51G   0.04326   0.01569         0   0.05895        27       480    0.8497     0.635    0.7448    0.4477    0.0361  0.008456         0
     5/299     7.51G   0.03962   0.01474         0   0.05436        35       480    0.8265    0.7509    0.8137    0.5034   0.03237  0.007562         0
     6/299     7.51G     0.037   0.01402         0   0.05102        24       480    0.8365    0.8186    0.8746    0.5647   0.02999   0.00702         0
     7/299     7.51G   0.03506   0.01342         0   0.04848        22       480    0.8708    0.8443    0.8919     0.589   0.03018  0.006591         0
     8/299     7.51G   0.03364   0.01302         0   0.04665        21       480     0.918    0.8465    0.9116    0.6016   0.02791   0.00623         0
     9/299     7.51G   0.03272   0.01252         0   0.04524        26       480    0.8787    0.8337    0.8946    0.6001   0.02843   0.00658         0
    10/299     7.51G   0.03166   0.01218         0   0.04384        31       480    0.9347    0.8359    0.9254     0.646   0.02619  0.005847         0
    11/299     7.51G   0.03045   0.01183         0   0.04229        31       480     0.936     0.853    0.9351    0.6543   0.02517  0.005641         0
    12/299     7.51G   0.02978   0.01162         0    0.0414        23       480    0.9392    0.8704    0.9416    0.6694   0.02442   0.00544         0
    13/299     7.51G   0.02948   0.01144         0   0.04092        26       480    0.9362    0.8898    0.9483    0.6777   0.02404  0.005454         0
    14/299     7.51G   0.02867   0.01121         0   0.03988        26       480    0.9365     0.892    0.9528    0.6989   0.02329  0.005081         0
    15/299     7.51G   0.02824   0.01106         0   0.03929        24       480    0.9285    0.9266     0.967    0.7155   0.02214  0.004915         0
    16/299     7.51G   0.02764   0.01078         0   0.03842        17       480    0.9418    0.9093    0.9657    0.7173   0.02235  0.004831         0
    17/299     7.51G   0.02729   0.01052         0   0.03781        20       480    0.9355    0.9394    0.9709    0.7288   0.02105  0.004691         0
    18/299     7.51G   0.02688   0.01047         0   0.03735        26       480    0.9459    0.9438    0.9781    0.7313   0.02111  0.004539         0
    19/299     7.51G   0.02651   0.01043         0   0.03694        24       480    0.9291    0.9395    0.9646    0.7269   0.02118  0.004722         0
    20/299     7.51G   0.02621   0.01028         0   0.03649        24       480    0.9474    0.9374    0.9748    0.7485   0.02019  0.004401         0
    21/299     7.51G   0.02582   0.01002         0   0.03584        31       480    0.9566    0.9525    0.9802    0.7533   0.01977  0.004253         0
    22/299     7.51G   0.02579  0.009996         0   0.03579        19       480    0.9572    0.9654    0.9846    0.7636   0.02027  0.004202         0
    23/299     7.51G   0.02559  0.009958         0   0.03555        18       480    0.9692    0.9503    0.9832    0.7614   0.02002  0.004205         0
    24/299     7.51G   0.02526  0.009772         0   0.03503        27       480    0.9549    0.9611      0.98    0.7578   0.01954  0.004185         0
    25/299     7.51G     0.025  0.009779         0   0.03478        22       480    0.9712     0.948    0.9876    0.7681   0.01909  0.004046         0
    26/299     7.51G   0.02475  0.009662         0   0.03441        23       480    0.9654    0.9633    0.9874     0.782   0.01886  0.003934         0
    27/299     7.51G   0.02448  0.009622         0    0.0341        22       480    0.9651    0.9546    0.9827    0.7752   0.01871  0.003923         0
    28/299     7.51G   0.02468  0.009521         0    0.0342        29       480    0.9714    0.9611    0.9882    0.7835   0.01831  0.003972         0
    29/299     7.51G    0.0242    0.0094         0    0.0336        21       480    0.9549    0.9633    0.9841    0.7889   0.01837    0.0039         0
    30/299     7.51G   0.02403  0.009372         0    0.0334        26       480    0.9714    0.9546     0.986     0.784   0.01831  0.003933         0
    31/299     7.51G   0.02395  0.009359         0   0.03331        19       480     0.965     0.959    0.9874    0.7859     0.018  0.003855         0
    32/299     7.51G   0.02379  0.009288         0   0.03308        26       480    0.9476     0.976    0.9869    0.7869   0.01786  0.003848         0
    33/299     7.51G   0.02347  0.009134         0    0.0326        21       480    0.9694    0.9568    0.9843    0.7939    0.0177  0.003783         0
    34/299     7.51G    0.0235  0.009126         0   0.03262        21       480    0.9699    0.9741    0.9885    0.8009   0.01743   0.00371         0
    35/299     7.51G   0.02324  0.009022         0   0.03226        21       480    0.9674    0.9698    0.9878    0.8032   0.01719  0.003667         0
    36/299     7.51G   0.02312  0.009054         0   0.03218        30       480    0.9657    0.9741    0.9896    0.8036   0.01687  0.003616         0
    37/299     7.51G   0.02297  0.008926         0    0.0319        29       480    0.9659    0.9784      0.99    0.8092   0.01696  0.003567         0
    38/299     7.51G   0.02297  0.008804         0   0.03177        25       480     0.974    0.9719    0.9883    0.8023   0.01692  0.003563         0
    39/299     7.51G   0.02284  0.008962         0   0.03181        27       480    0.9641     0.987    0.9888     0.807   0.01663  0.003493         0
    40/299     7.51G   0.02273  0.008816         0   0.03155        29       480    0.9702     0.987    0.9905    0.8096   0.01607  0.003487         0
    41/299     7.51G   0.02281  0.008721         0   0.03153        23       480    0.9621    0.9892    0.9901    0.8125   0.01595  0.003453         0
    42/299     7.51G   0.02249  0.008743         0   0.03123        23       480    0.9846    0.9676    0.9904    0.8121   0.01613  0.003446         0
    43/299     7.51G   0.02223  0.008594         0   0.03082        25       480    0.9847    0.9719    0.9902    0.8133   0.01592  0.003419         0
    44/299     7.51G    0.0224  0.008652         0   0.03106        26       480    0.9683    0.9892    0.9894    0.8178   0.01591  0.003407         0
    45/299     7.51G     0.022  0.008499         0    0.0305        25       480    0.9762    0.9784    0.9889    0.8148   0.01601  0.003405         0
    46/299     7.51G   0.02219  0.008557         0   0.03075        36       480    0.9784    0.9784    0.9901    0.8187   0.01577  0.003398         0
    47/299     7.51G   0.02194  0.008587         0   0.03052        33       480    0.9741    0.9762    0.9894     0.821   0.01593  0.003386         0
    48/299     7.51G   0.02204  0.008476         0   0.03052        31       480    0.9701    0.9805    0.9895     0.822   0.01575  0.003371         0
    49/299     7.51G    0.0219  0.008504         0    0.0304        31       480    0.9682     0.987    0.9893    0.8231   0.01552  0.003341         0
    50/299     7.51G   0.02172  0.008383         0   0.03011        33       480    0.9722    0.9826      0.99    0.8235   0.01553  0.003328         0
    51/299     7.51G   0.02171  0.008323         0   0.03004        23       480    0.9721    0.9784      0.99    0.8259   0.01543  0.003313         0
    52/299     7.51G   0.02173  0.008378         0   0.03011        26       480    0.9742    0.9784     0.991    0.8265   0.01557  0.003298         0
    53/299     7.51G    0.0216  0.008415         0   0.03001        27       480    0.9692    0.9849    0.9911    0.8307   0.01542  0.003299         0
    54/299     7.51G   0.02148  0.008318         0    0.0298        28       480    0.9681    0.9827    0.9907    0.8325   0.01535  0.003309         0
    55/299     7.51G   0.02136  0.008291         0   0.02965        28       480    0.9701    0.9827    0.9909    0.8347   0.01533  0.003295         0
    56/299     7.51G   0.02128  0.008317         0    0.0296        31       480    0.9681    0.9848    0.9913    0.8345   0.01523  0.003284         0
    57/299     7.51G   0.02128   0.00827         0   0.02955        26       480    0.9662     0.987    0.9916    0.8359   0.01528  0.003277         0
    58/299     7.51G    0.0211  0.008147         0   0.02925        31       480    0.9724    0.9892    0.9919    0.8347   0.01539  0.003273         0
    59/299     7.51G   0.02113  0.008099         0   0.02923        28       480    0.9724    0.9892    0.9919    0.8338   0.01537   0.00326         0
    60/299     7.51G   0.02092  0.008185         0    0.0291        38       480    0.9781    0.9849    0.9919    0.8354   0.01531  0.003253         0
    61/299     7.51G   0.02107  0.008163         0   0.02923        27       480    0.9786     0.987    0.9919    0.8357   0.01525  0.003241         0
    62/299     7.51G   0.02097  0.008046         0   0.02901        23       480    0.9807     0.987    0.9917    0.8374   0.01517  0.003231         0
    63/299     7.51G   0.02104  0.008056         0    0.0291        25       480    0.9786    0.9892    0.9919     0.837   0.01509  0.003218         0
    64/299     7.51G   0.02083  0.007992         0   0.02882        31       480    0.9786    0.9892    0.9921    0.8363   0.01503  0.003211         0
    65/299     7.51G    0.0207   0.00802         0   0.02872        18       480    0.9786     0.987    0.9921    0.8358   0.01498  0.003205         0
    66/299     7.51G   0.02077  0.008014         0   0.02878        28       480    0.9807     0.987     0.992    0.8371   0.01488  0.003189         0
    67/299     7.51G   0.02053  0.007968         0   0.02849        19       480    0.9807     0.987     0.992    0.8372    0.0148  0.003176         0
    68/299     7.51G   0.02045   0.00785         0    0.0283        31       480    0.9807     0.987    0.9921    0.8382   0.01468  0.003166         0
    69/299     7.51G   0.02051  0.007898         0    0.0284        28       480    0.9807    0.9891    0.9921    0.8395   0.01459  0.003158         0
    70/299     7.51G   0.02036  0.007819         0   0.02818        29       480    0.9807    0.9892    0.9921    0.8389   0.01454  0.003154         0
    71/299     7.51G   0.02031  0.007803         0   0.02811        26       480    0.9807    0.9892    0.9921    0.8392   0.01449  0.003152         0
    72/299     7.51G   0.02043  0.007806         0   0.02823        25       480    0.9826     0.987    0.9922    0.8414   0.01446  0.003148         0
    73/299     7.51G   0.02034  0.007736         0   0.02808        26       480    0.9828    0.9869    0.9922    0.8418   0.01444  0.003139         0
    74/299     7.51G   0.02026  0.007825         0   0.02809        20       480    0.9807     0.987    0.9924    0.8422    0.0144  0.003131         0
    75/299     7.51G   0.02026  0.007831         0    0.0281        29       480    0.9807     0.987    0.9925     0.843   0.01438  0.003125         0
    76/299     7.51G   0.02026  0.007674         0   0.02794        26       480    0.9786    0.9892    0.9925    0.8423   0.01434  0.003118         0
    77/299     7.51G      0.02  0.007718         0   0.02772        22       480    0.9786    0.9892    0.9926    0.8428   0.01432   0.00311         0
    78/299     7.51G   0.02002   0.00766         0   0.02768        30       480    0.9786    0.9892    0.9927    0.8435   0.01428  0.003103         0
    79/299     7.51G   0.02013  0.007804         0   0.02793        32       480    0.9786    0.9892    0.9928    0.8443   0.01425    0.0031         0
    80/299     7.51G   0.01999  0.007668         0   0.02766        24       480    0.9786    0.9892    0.9927    0.8446    0.0142  0.003096         0
    81/299     7.51G   0.01994  0.007645         0   0.02758        29       480    0.9807    0.9892    0.9928    0.8456   0.01417  0.003092         0
    82/299     7.51G   0.01985   0.00765         0    0.0275        22       480    0.9807    0.9892    0.9928    0.8457   0.01415   0.00309         0
    83/299     7.51G   0.01984  0.007683         0   0.02752        28       480    0.9807    0.9892    0.9928    0.8458   0.01412  0.003087         0
    84/299     7.51G   0.01973  0.007589         0   0.02732        23       480    0.9808    0.9914    0.9929     0.846   0.01408  0.003081         0
    85/299     7.51G   0.01989  0.007649         0   0.02753        27       480    0.9808    0.9914     0.993    0.8469   0.01405  0.003075         0
    86/299     7.51G   0.01973  0.007541         0   0.02727        23       480    0.9808    0.9914     0.993     0.847   0.01401   0.00307         0
    87/299     7.51G   0.01954  0.007622         0   0.02716        37       480    0.9808    0.9914     0.993    0.8481   0.01398  0.003065         0
    88/299     7.51G   0.01969  0.007487         0   0.02718        27       480    0.9808    0.9914     0.993    0.8489   0.01396  0.003059         0
    89/299     7.51G   0.01945  0.007522         0   0.02697        30       480    0.9808    0.9914    0.9931    0.8504   0.01392  0.003054         0
    90/299     7.51G   0.01966  0.007528         0   0.02719        20       480    0.9808    0.9913    0.9931    0.8509   0.01389   0.00305         0
    91/299     7.51G   0.01941  0.007465         0   0.02687        31       480    0.9808    0.9914    0.9931    0.8508   0.01387  0.003046         0
    92/299     7.51G   0.01926  0.007472         0   0.02673        25       480    0.9808    0.9914    0.9931    0.8516   0.01383  0.003042         0
    93/299     7.51G   0.01934  0.007469         0   0.02681        28       480    0.9807    0.9914    0.9931    0.8521   0.01381  0.003038         0
    94/299     7.51G   0.01943  0.007496         0   0.02693        21       480    0.9808    0.9914    0.9932    0.8519   0.01378  0.003035         0
    95/299     7.51G   0.01915  0.007352         0   0.02651        26       480    0.9808    0.9914    0.9932    0.8517   0.01375  0.003031         0
    96/299     7.51G   0.01928  0.007374         0   0.02666        25       480    0.9807    0.9914    0.9932    0.8518   0.01372  0.003027         0
    97/299     7.51G    0.0191  0.007339         0   0.02644        20       480    0.9808    0.9913    0.9932     0.852    0.0137  0.003023         0
    98/299     7.51G   0.01916  0.007375         0   0.02653        25       480    0.9808    0.9913    0.9932    0.8522   0.01368  0.003021         0
    99/299     7.51G   0.01907  0.007373         0   0.02644        36       480    0.9787    0.9914    0.9932    0.8522   0.01365  0.003018         0
   100/299     7.51G   0.01918  0.007373         0   0.02655        29       480    0.9787    0.9914    0.9932    0.8521   0.01363  0.003013         0
   101/299     7.51G   0.01907  0.007349         0   0.02642        32       480    0.9787    0.9914    0.9932    0.8532   0.01362   0.00301         0
   102/299     7.51G   0.01908   0.00734         0   0.02642        17       480    0.9787    0.9913    0.9933    0.8538    0.0136  0.003007         0
   103/299     7.51G   0.01893  0.007296         0   0.02622        23       480    0.9807    0.9892    0.9933     0.854   0.01359  0.003004         0
   104/299     7.51G   0.01866  0.007229         0   0.02589        25       480    0.9787    0.9914    0.9933    0.8548   0.01357  0.002999         0
   105/299     7.51G   0.01883  0.007277         0   0.02611        28       480    0.9787    0.9914    0.9933    0.8552   0.01356  0.002996         0
   106/299     7.51G    0.0189  0.007215         0   0.02611        22       480    0.9787    0.9914    0.9933    0.8555   0.01354  0.002994         0
   107/299     7.51G   0.01869  0.007247         0   0.02594        26       480    0.9787    0.9914    0.9933    0.8552   0.01353   0.00299         0
   108/299     7.51G   0.01874  0.007154         0   0.02589        24       480    0.9787    0.9914    0.9933    0.8561   0.01351  0.002988         0
   109/299     7.51G   0.01866  0.007166         0   0.02582        30       480    0.9787    0.9914    0.9934    0.8568    0.0135  0.002985         0
   110/299     7.51G   0.01861  0.007181         0   0.02579        27       480    0.9746    0.9956    0.9934    0.8572   0.01349  0.002982         0
   111/299     7.51G   0.01856  0.007092         0   0.02565        22       480    0.9746    0.9957    0.9935    0.8581   0.01347  0.002978         0
   112/299     7.51G   0.01849  0.007127         0   0.02562        29       480    0.9746    0.9957    0.9935    0.8591   0.01345  0.002974         0
   113/299     7.51G   0.01854  0.007226         0   0.02577        23       480    0.9808    0.9913    0.9936    0.8595   0.01344  0.002971         0
   114/299     7.51G   0.01863    0.0071         0   0.02573        18       480    0.9807    0.9914    0.9936      0.86   0.01343  0.002968         0
   115/299     7.51G   0.01842  0.007119         0   0.02554        28       480    0.9808    0.9913    0.9937    0.8605   0.01342  0.002965         0
   116/299     7.51G   0.01839  0.007121         0   0.02551        21       480    0.9808    0.9913    0.9937     0.861   0.01341   0.00296         0
   117/299     7.51G   0.01836   0.00707         0   0.02543        28       480    0.9808    0.9913    0.9937    0.8608    0.0134  0.002958         0
   118/299     7.51G   0.01833   0.00703         0   0.02536        27       480    0.9808    0.9913    0.9937    0.8601   0.01339  0.002955         0
   119/299     7.51G   0.01812  0.006974         0    0.0251        30       480    0.9767    0.9957    0.9937    0.8607   0.01338  0.002951         0
   120/299     7.51G   0.01816  0.007021         0   0.02518        29       480    0.9767    0.9957    0.9937    0.8603   0.01337  0.002948         0
   121/299     7.51G   0.01814   0.00702         0   0.02516        29       480    0.9767    0.9957    0.9937    0.8613   0.01337  0.002945         0
   122/299     7.51G   0.01821  0.006918         0   0.02513        27       480    0.9808    0.9935    0.9937    0.8615   0.01336  0.002942         0
   123/299     7.51G   0.01809  0.006946         0   0.02504        31       480    0.9808    0.9935    0.9937    0.8617   0.01336  0.002939         0
   124/299     7.51G   0.01805  0.006965         0   0.02502        25       480    0.9808    0.9935    0.9938    0.8622   0.01336  0.002936         0
   125/299     7.51G   0.01811  0.006978         0   0.02509        36       480    0.9808    0.9935    0.9938    0.8624   0.01335  0.002933         0
   126/299     7.51G   0.01798  0.006911         0    0.0249        23       480    0.9808    0.9935    0.9938    0.8626   0.01335   0.00293         0
   127/299     7.51G   0.01785  0.006923         0   0.02477        25       480    0.9808    0.9935    0.9938    0.8623   0.01335  0.002928         0
   128/299     7.51G   0.01802   0.00693         0   0.02495        21       480    0.9808    0.9935    0.9938    0.8632   0.01334  0.002926         0
   129/299     7.51G   0.01813  0.006926         0   0.02506        28       480    0.9808    0.9935    0.9938    0.8636   0.01334  0.002924         0
   130/299     7.51G   0.01789  0.006919         0   0.02481        24       480    0.9808    0.9935    0.9938    0.8638   0.01334  0.002921         0
   131/299     7.51G   0.01787  0.006842         0   0.02471        22       480    0.9808    0.9935    0.9938    0.8644   0.01333  0.002917         0
   132/299     7.51G   0.01781  0.006886         0    0.0247        30       480     0.987     0.987    0.9938    0.8645   0.01331  0.002913         0
   133/299     7.51G    0.0178  0.006835         0   0.02463        31       480    0.9849    0.9891    0.9939    0.8646   0.01331  0.002909         0
   134/299     7.51G    0.0176   0.00675         0   0.02435        22       480    0.9849    0.9892    0.9939    0.8652    0.0133  0.002905         0
   135/299     7.51G    0.0179  0.006848         0   0.02475        20       480    0.9849    0.9891     0.994    0.8653   0.01328  0.002901         0
   136/299     7.51G   0.01757  0.006782         0   0.02435        24       480    0.9849    0.9892     0.994     0.865   0.01328  0.002896         0
   137/299     7.51G   0.01766  0.006784         0   0.02444        28       480    0.9871    0.9892     0.994    0.8664   0.01327  0.002891         0
   138/299     7.51G   0.01764  0.006754         0   0.02439        28       480    0.9871    0.9892     0.994    0.8665   0.01325  0.002887         0
   139/299     7.51G   0.01737   0.00675         0   0.02412        25       480    0.9871    0.9892    0.9941    0.8666   0.01324  0.002882         0
   140/299     7.51G   0.01744  0.006722         0   0.02416        24       480    0.9871    0.9892    0.9941    0.8671   0.01323  0.002878         0
   141/299     7.51G   0.01764  0.006755         0   0.02439        26       480     0.985    0.9913    0.9942    0.8677   0.01322  0.002874         0
   142/299     7.51G   0.01738  0.006668         0   0.02405        25       480    0.9871    0.9913    0.9942    0.8676    0.0132   0.00287         0
   143/299     7.51G   0.01733  0.006707         0   0.02404        18       480    0.9871    0.9914    0.9942    0.8683   0.01319  0.002866         0
   144/299     7.51G   0.01737  0.006607         0   0.02398        31       480    0.9871    0.9914    0.9943    0.8687   0.01317  0.002862         0
   145/299     7.51G   0.01736  0.006709         0   0.02407        19       480    0.9871    0.9914    0.9943    0.8687   0.01315  0.002858         0
   146/299     7.51G   0.01739  0.006692         0   0.02409        26       480    0.9871    0.9914    0.9943    0.8688   0.01313  0.002854         0
   147/299     7.51G   0.01731  0.006682         0   0.02399        21       480    0.9871    0.9914    0.9944    0.8698    0.0131  0.002849         0
   148/299     7.51G   0.01736  0.006624         0   0.02399        26       480    0.9871    0.9913    0.9945    0.8698   0.01308  0.002845         0
   149/299     7.51G   0.01722  0.006603         0   0.02383        22       480    0.9871    0.9914    0.9945     0.871   0.01306  0.002842         0
   150/299     7.51G   0.01718   0.00663         0   0.02381        23       480    0.9871    0.9914    0.9945    0.8705   0.01305  0.002838         0
   151/299     7.51G   0.01708  0.006663         0   0.02374        20       480    0.9871    0.9914    0.9946    0.8707   0.01303  0.002834         0
   152/299     7.51G   0.01703  0.006576         0    0.0236        19       480    0.9935     0.987    0.9946    0.8716   0.01301   0.00283         0
   153/299     7.51G   0.01719  0.006585         0   0.02377        23       480    0.9913    0.9892    0.9946    0.8728     0.013  0.002827         0
   154/299     7.51G   0.01709  0.006555         0   0.02365        25       480    0.9913    0.9892    0.9946     0.873   0.01299  0.002823         0
   155/299     7.51G   0.01707  0.006521         0   0.02359        24       480    0.9892    0.9914    0.9946    0.8734   0.01298  0.002818         0
   156/299     7.51G   0.01697  0.006532         0    0.0235        28       480    0.9935    0.9892    0.9947    0.8743   0.01295  0.002813         0
   157/299     7.51G   0.01696  0.006524         0   0.02349        28       480    0.9935    0.9913    0.9948    0.8739   0.01293  0.002808         0
   158/299     7.51G   0.01687  0.006606         0   0.02347        30       480    0.9913    0.9914    0.9948    0.8742   0.01292  0.002803         0
   159/299     7.51G   0.01696  0.006496         0   0.02345        30       480    0.9913    0.9914    0.9948    0.8743    0.0129  0.002799         0
   160/299     7.51G   0.01669  0.006441         0   0.02313        24       480    0.9914    0.9935    0.9948    0.8744   0.01288  0.002795         0
   161/299     7.51G   0.01673  0.006397         0   0.02313        29       480    0.9914    0.9935    0.9949    0.8753   0.01286   0.00279         0
   162/299     7.51G   0.01664  0.006393         0   0.02303        26       480    0.9914    0.9935     0.995    0.8752   0.01285  0.002786         0
   163/299     7.51G   0.01663   0.00639         0   0.02302        30       480    0.9914    0.9935     0.995    0.8752   0.01283  0.002781         0
   164/299     7.51G   0.01674   0.00651         0   0.02325        27       480    0.9913    0.9935     0.995    0.8761   0.01281  0.002776         0
   165/299     7.51G   0.01672  0.006483         0    0.0232        28       480    0.9914    0.9935     0.995    0.8765   0.01279  0.002771         0
   166/299     7.51G   0.01665  0.006404         0   0.02306        20       480    0.9935    0.9935    0.9951    0.8771   0.01277  0.002766         0
   167/299     7.51G   0.01657  0.006358         0   0.02293        25       480    0.9935    0.9935    0.9951    0.8774   0.01275   0.00276         0
   168/299     7.51G    0.0166  0.006394         0   0.02299        28       480    0.9935    0.9935    0.9951    0.8779   0.01273  0.002756         0
   169/299     7.51G   0.01656  0.006357         0   0.02292        31       480    0.9935    0.9935    0.9951    0.8781    0.0127  0.002751         0
   170/299     7.51G   0.01653  0.006382         0   0.02291        26       480    0.9935    0.9935    0.9952     0.878   0.01268  0.002746         0
   171/299     7.51G    0.0164  0.006341         0   0.02274        21       480    0.9935    0.9935    0.9952    0.8782   0.01266  0.002741         0
   172/299     7.51G   0.01643  0.006288         0   0.02272        22       480    0.9935    0.9935    0.9953    0.8788   0.01264  0.002735         0
   173/299     7.51G   0.01627  0.006322         0   0.02259        21       480    0.9935    0.9935    0.9954    0.8805   0.01262   0.00273         0
   174/299     7.51G   0.01634  0.006297         0   0.02263        25       480    0.9935    0.9935    0.9954    0.8808   0.01261  0.002725         0
   175/299     7.51G   0.01619   0.00621         0    0.0224        26       480    0.9935    0.9935    0.9954    0.8813   0.01259   0.00272         0
   176/299     7.51G   0.01631  0.006266         0   0.02258        20       480    0.9935    0.9935    0.9954    0.8814   0.01257  0.002714         0
   177/299     7.51G   0.01626  0.006253         0   0.02251        24       480    0.9935    0.9935    0.9955    0.8816   0.01254  0.002709         0
   178/299     7.51G   0.01616   0.00629         0   0.02245        31       480    0.9935    0.9935    0.9955    0.8822   0.01252  0.002705         0
   179/299     7.51G   0.01615   0.00618         0   0.02233        20       480    0.9957    0.9933    0.9955    0.8823    0.0125    0.0027         0
   180/299     7.51G   0.01608  0.006257         0   0.02234        22       480    0.9957    0.9935    0.9955    0.8825   0.01248  0.002695         0
   181/299     7.51G   0.01613  0.006216         0   0.02235        23       480    0.9956    0.9935    0.9955     0.884   0.01245   0.00269         0
   182/299     7.51G   0.01609   0.00618         0   0.02227        30       480    0.9957    0.9935    0.9955    0.8843   0.01243  0.002684         0
   183/299     7.51G   0.01592  0.006193         0   0.02211        25       480    0.9957    0.9935    0.9956    0.8843   0.01241  0.002678         0
   184/299     7.51G   0.01595  0.006176         0   0.02212        24       480    0.9957    0.9935    0.9956    0.8839   0.01238  0.002673         0
   185/299     7.51G   0.01585  0.006212         0   0.02207        21       480    0.9957    0.9935    0.9956    0.8844   0.01236  0.002669         0
   186/299     7.51G   0.01592  0.006118         0   0.02204        22       480    0.9957    0.9935    0.9956     0.885   0.01233  0.002664         0
   187/299     7.51G    0.0159  0.006206         0   0.02211        25       480    0.9957    0.9935    0.9956    0.8851    0.0123   0.00266         0
   188/299     7.51G   0.01571  0.006127         0   0.02184        24       480    0.9957    0.9935    0.9957    0.8856   0.01227  0.002655         0
   189/299     7.51G   0.01583  0.006135         0   0.02197        24       480    0.9957    0.9935    0.9957    0.8857   0.01225  0.002651         0
   190/299     7.51G   0.01563  0.006031         0   0.02166        28       480    0.9957    0.9935    0.9957    0.8854   0.01223  0.002645         0
   191/299     7.51G   0.01567   0.00603         0    0.0217        35       480    0.9957    0.9935    0.9957    0.8856    0.0122  0.002641         0
   192/299     7.51G   0.01566  0.006057         0   0.02172        30       480    0.9957    0.9935    0.9957    0.8858   0.01217  0.002635         0
   193/299     7.51G    0.0157  0.006025         0   0.02173        21       480    0.9957    0.9935    0.9957     0.886   0.01214   0.00263         0
   194/299     7.51G   0.01563  0.006051         0   0.02168        29       480    0.9957    0.9935    0.9957    0.8863    0.0121  0.002626         0
   195/299     7.51G   0.01559  0.006018         0   0.02161        23       480    0.9957    0.9935    0.9958    0.8864   0.01207  0.002622         0
   196/299     7.51G   0.01544  0.006008         0   0.02145        23       480    0.9957    0.9935    0.9958    0.8867   0.01204  0.002618         0
   197/299     7.51G   0.01532  0.005976         0    0.0213        28       480    0.9957    0.9935    0.9958    0.8867   0.01201  0.002613         0
   198/299     7.51G   0.01553  0.005968         0    0.0215        21       480    0.9957    0.9935    0.9958    0.8882   0.01198  0.002608         0
   199/299     7.51G    0.0155   0.00598         0   0.02148        17       480    0.9935    0.9957    0.9958    0.8887   0.01195  0.002603         0
   200/299     7.51G   0.01548  0.006066         0   0.02154        22       480    0.9935    0.9957    0.9958    0.8889   0.01192  0.002599         0
   201/299     7.51G   0.01527  0.005927         0    0.0212        29       480    0.9935    0.9957    0.9958    0.8894   0.01189  0.002594         0
   202/299     7.51G   0.01524  0.005888         0   0.02112        29       480    0.9935    0.9957    0.9959    0.8897   0.01186   0.00259         0
   203/299     7.51G   0.01519  0.005865         0   0.02105        33       480    0.9935    0.9957    0.9959      0.89   0.01183  0.002586         0
   204/299     7.51G    0.0153  0.005915         0   0.02122        27       480    0.9957    0.9957    0.9959    0.8898    0.0118  0.002582         0
   205/299     7.51G   0.01533  0.005898         0   0.02123        23       480    0.9957    0.9957    0.9959     0.889   0.01178  0.002578         0
   206/299     7.51G     0.015  0.005783         0   0.02078        28       480    0.9957    0.9957    0.9959    0.8888   0.01175  0.002574         0
   207/299     7.51G   0.01514  0.005871         0   0.02101        26       480    0.9957    0.9957    0.9959    0.8888   0.01172   0.00257         0
   208/299     7.51G   0.01517  0.005863         0   0.02103        30       480    0.9957    0.9957    0.9959    0.8894   0.01169  0.002566         0
   209/299     7.51G   0.01508  0.005812         0   0.02089        30       480    0.9957    0.9957    0.9959    0.8903   0.01166  0.002561         0
   210/299     7.51G   0.01507  0.005859         0   0.02093        28       480    0.9957    0.9957     0.996    0.8893   0.01163  0.002556         0
   211/299     7.51G   0.01502  0.005823         0   0.02085        33       480    0.9957    0.9957     0.996    0.8896   0.01161  0.002551         0
   212/299     7.51G   0.01493  0.005835         0   0.02076        19       480    0.9957    0.9957     0.996    0.8901   0.01158  0.002546         0
   213/299     7.51G   0.01484  0.005757         0    0.0206        28       480    0.9957    0.9957     0.996     0.891   0.01156  0.002542         0
   214/299     7.51G   0.01498  0.005769         0   0.02075        27       480    0.9957    0.9957     0.996    0.8933   0.01153  0.002536         0
   215/299     7.51G   0.01482   0.00573         0   0.02055        30       480    0.9957    0.9957     0.996    0.8938    0.0115  0.002531         0
   216/299     7.51G    0.0147  0.005804         0    0.0205        30       480    0.9957    0.9957     0.996    0.8939   0.01148  0.002527         0
   217/299     7.51G   0.01475  0.005731         0   0.02049        30       480    0.9957    0.9957    0.9961    0.8935   0.01145  0.002522         0
   218/299     7.51G   0.01474  0.005714         0   0.02045        29       480    0.9957    0.9957    0.9961    0.8951   0.01143  0.002518         0
   219/299     7.51G   0.01458  0.005619         0    0.0202        25       480    0.9957    0.9957    0.9961    0.8952    0.0114  0.002513         0
   220/299     7.51G   0.01456  0.005678         0   0.02024        28       480    0.9957    0.9957    0.9961    0.8961   0.01138  0.002508         0
   221/299     7.51G   0.01457  0.005701         0   0.02028        21       480    0.9957    0.9957    0.9961    0.8959   0.01136  0.002504         0
   222/299     7.51G   0.01457  0.005662         0   0.02023        27       480    0.9957    0.9957    0.9961    0.8952   0.01133  0.002499         0
   223/299     7.51G   0.01459  0.005684         0   0.02027        24       480    0.9957    0.9957    0.9961    0.8966   0.01131  0.002494         0
   224/299     7.51G   0.01461  0.005626         0   0.02024        33       480    0.9957    0.9957    0.9961    0.8961   0.01129   0.00249         0
   225/299     7.51G   0.01455  0.005653         0    0.0202        23       480    0.9957    0.9957    0.9961    0.8962   0.01126  0.002485         0
   226/299     7.51G   0.01449  0.005622         0   0.02011        33       480    0.9957    0.9957    0.9961    0.8966   0.01124   0.00248         0
   227/299     7.51G   0.01456  0.005678         0   0.02023        32       480    0.9957    0.9957    0.9962    0.8966   0.01121  0.002476         0
   228/299     7.51G   0.01443  0.005547         0   0.01998        27       480    0.9957    0.9957    0.9962    0.8978   0.01119  0.002472         0
   229/299     7.51G   0.01441  0.005614         0   0.02002        30       480    0.9957    0.9957    0.9962     0.898   0.01117  0.002467         0
   230/299     7.51G   0.01424  0.005516         0   0.01975        27       480    0.9957    0.9957    0.9962     0.899   0.01115  0.002462         0
   231/299     7.51G   0.01443  0.005574         0   0.02001        26       480    0.9957    0.9957    0.9962    0.8992   0.01113  0.002458         0
   232/299     7.51G   0.01425  0.005563         0   0.01981        19       480    0.9957    0.9957    0.9962    0.8997   0.01111  0.002455         0
   233/299     7.51G   0.01432   0.00561         0   0.01993        23       480    0.9957    0.9957    0.9962       0.9   0.01109  0.002451         0
   234/299     7.51G    0.0141  0.005529         0   0.01963        25       480    0.9957    0.9957    0.9962       0.9   0.01106  0.002447         0
   235/299     7.51G   0.01427  0.005601         0   0.01988        23       480    0.9935    0.9978    0.9963    0.9017   0.01104  0.002444         0
   236/299     7.51G   0.01418  0.005512         0    0.0197        21       480    0.9957    0.9978    0.9963    0.9013   0.01102   0.00244         0
   237/299     7.51G   0.01413  0.005524         0   0.01965        27       480    0.9957    0.9978    0.9963    0.9015   0.01099  0.002435         0
   238/299     7.51G   0.01399  0.005484         0   0.01948        34       480    0.9957    0.9978    0.9963    0.9024   0.01097  0.002431         0
   239/299     7.51G   0.01418  0.005491         0   0.01967        23       480    0.9957    0.9978    0.9963    0.9027   0.01095  0.002428         0
   240/299     7.51G   0.01406  0.005526         0   0.01959        23       480    0.9957    0.9978    0.9963    0.9027   0.01093  0.002424         0
   241/299     7.51G   0.01403  0.005445         0   0.01948        32       480    0.9957    0.9978    0.9963     0.903   0.01091   0.00242         0
   242/299     7.51G   0.01409  0.005457         0   0.01954        30       480    0.9957    0.9978    0.9964    0.9032   0.01089  0.002416         0
   243/299     7.51G   0.01385  0.005408         0   0.01926        14       480    0.9957    0.9978    0.9964    0.9031   0.01087  0.002413         0
   244/299     7.51G   0.01387  0.005436         0   0.01931        27       480    0.9957    0.9978    0.9964    0.9044   0.01085  0.002409         0
   245/299     7.51G   0.01399   0.00542         0   0.01941        32       480    0.9957    0.9978    0.9964    0.9053   0.01082  0.002406         0
   246/299     7.51G   0.01395  0.005393         0   0.01935        17       480    0.9957    0.9978    0.9964    0.9055    0.0108  0.002403         0
   247/299     7.51G   0.01385  0.005382         0   0.01923        29       480    0.9957    0.9978    0.9964    0.9068   0.01079  0.002399         0
   248/299     7.51G   0.01392  0.005475         0    0.0194        26       480    0.9957    0.9978    0.9964    0.9077   0.01077  0.002396         0
   249/299     7.51G   0.01378  0.005417         0    0.0192        23       480    0.9957    0.9978    0.9964    0.9078   0.01074  0.002393         0
   250/299     7.51G   0.01384   0.00542         0   0.01926        29       480    0.9957    0.9978    0.9965    0.9076   0.01072   0.00239         0
   251/299     7.51G   0.01377  0.005372         0   0.01914        25       480    0.9957    0.9978    0.9965    0.9081   0.01069  0.002386         0
   252/299     7.51G   0.01375  0.005391         0   0.01914        27       480    0.9957    0.9978    0.9965    0.9081   0.01066  0.002383         0
   253/299     7.51G   0.01368  0.005334         0   0.01902        21       480    0.9957    0.9978    0.9965    0.9085   0.01063   0.00238         0
   254/299     7.51G   0.01368  0.005361         0   0.01904        23       480    0.9957    0.9978    0.9965    0.9095   0.01061  0.002376         0
   255/299     7.51G   0.01366  0.005318         0   0.01898        26       480    0.9957    0.9978    0.9965    0.9096   0.01059  0.002373         0
   256/299     7.51G   0.01361  0.005285         0   0.01889        22       480    0.9957    0.9978    0.9965    0.9098   0.01056  0.002369         0
   257/299     7.51G   0.01369  0.005359         0   0.01905        20       480    0.9957    0.9978    0.9966    0.9097   0.01053  0.002365         0
   258/299     7.51G   0.01365   0.00528         0   0.01893        23       480    0.9957    0.9978    0.9966    0.9099   0.01051  0.002361         0
   259/299     7.51G   0.01353  0.005227         0   0.01876        29       480    0.9957    0.9978    0.9966      0.91   0.01048  0.002357         0
   260/299     7.51G   0.01364  0.005284         0   0.01893        23       480    0.9957    0.9978    0.9966    0.9093   0.01045  0.002353         0
   261/299     7.51G    0.0134  0.005258         0   0.01866        30       480    0.9957    0.9978    0.9966      0.91   0.01043   0.00235         0
   262/299     7.51G   0.01336  0.005264         0   0.01863        26       480    0.9957    0.9978    0.9966      0.91    0.0104  0.002347         0
   263/299     7.51G   0.01342  0.005263         0   0.01868        23       480    0.9957    0.9978    0.9966     0.911   0.01038  0.002343         0
   264/299     7.51G   0.01349  0.005325         0   0.01882        32       480    0.9957    0.9978    0.9966    0.9116   0.01035   0.00234         0
   265/299     7.51G   0.01337  0.005267         0   0.01863        27       480    0.9957    0.9978    0.9967    0.9116   0.01033  0.002336         0
   266/299     7.51G   0.01343  0.005241         0   0.01867        30       480    0.9957    0.9978    0.9967     0.912    0.0103  0.002333         0
   267/299     7.51G   0.01335  0.005234         0   0.01858        20       480    0.9957    0.9978    0.9967    0.9122   0.01028  0.002329         0
   268/299     7.51G   0.01346  0.005276         0   0.01874        25       480    0.9957    0.9978    0.9967     0.912   0.01026  0.002326         0
   269/299     7.51G   0.01327  0.005154         0   0.01843        22       480    0.9957    0.9978    0.9967    0.9125   0.01023  0.002322         0
   270/299     7.51G   0.01333  0.005234         0   0.01856        30       480    0.9957    0.9978    0.9967    0.9122    0.0102  0.002318         0
   271/299     7.51G   0.01329   0.00523         0   0.01852        21       480    0.9957    0.9978    0.9967    0.9124   0.01018  0.002315         0
   272/299     7.51G   0.01319  0.005207         0    0.0184        31       480    0.9957    0.9978    0.9967    0.9127   0.01016   0.00231         0
   273/299     7.51G   0.01321  0.005202         0   0.01841        26       480    0.9957    0.9978    0.9967    0.9122   0.01014  0.002307         0
   274/299     7.51G   0.01316  0.005169         0   0.01833        24       480    0.9957    0.9978    0.9967    0.9132   0.01012  0.002303         0
   275/299     7.51G   0.01323   0.00519         0   0.01842        21       480    0.9957    0.9978    0.9968    0.9128    0.0101  0.002299         0
   276/299     7.51G   0.01334  0.005165         0    0.0185        23       480    0.9957    0.9978    0.9968     0.913   0.01007  0.002294         0
   277/299     7.51G   0.01309  0.005124         0   0.01821        33       480    0.9957    0.9978    0.9968    0.9132   0.01005   0.00229         0
   278/299     7.51G   0.01314  0.005151         0   0.01829        27       480    0.9957    0.9978    0.9968    0.9136   0.01002  0.002286         0
   279/299     7.51G   0.01318  0.005127         0   0.01831        30       480    0.9957    0.9978    0.9968     0.914  0.009995  0.002281         0
   280/299     7.51G   0.01297  0.005125         0   0.01809        24       480    0.9957    0.9978    0.9968    0.9144  0.009969  0.002278         0
   281/299     7.51G   0.01305  0.005179         0   0.01823        22       480    0.9957    0.9978    0.9968    0.9144  0.009942  0.002274         0
   282/299     7.51G   0.01317  0.005138         0   0.01831        23       480    0.9957    0.9978    0.9968    0.9144   0.00992   0.00227         0
   283/299     7.51G   0.01319  0.005163         0   0.01835        28       480    0.9957    0.9978    0.9968    0.9145  0.009896  0.002266         0
   284/299     7.51G   0.01302  0.005103         0   0.01813        29       480    0.9957    0.9978    0.9968    0.9156   0.00987  0.002261         0
   285/299     7.51G    0.0132   0.00519         0   0.01839        25       480    0.9957    0.9978    0.9968    0.9158  0.009847  0.002257         0
   286/299     7.51G     0.013   0.00517         0   0.01817        31       480    0.9957    0.9978    0.9968    0.9162  0.009823  0.002253         0
   287/299     7.51G    0.0131  0.005118         0   0.01822        33       480    0.9957    0.9978    0.9968    0.9166    0.0098  0.002248         0
   288/299     7.51G   0.01312  0.005104         0   0.01822        30       480    0.9957    0.9978    0.9968    0.9169  0.009779  0.002244         0
   289/299     7.51G   0.01306  0.005081         0   0.01814        33       480    0.9957    0.9978    0.9968    0.9179  0.009757   0.00224         0
   290/299     7.51G   0.01312  0.005144         0   0.01827        30       480    0.9957    0.9978    0.9968    0.9181  0.009732  0.002237         0
   291/299     7.51G   0.01306  0.005104         0   0.01817        31       480    0.9957    0.9978    0.9969    0.9182  0.009708  0.002233         0
   292/299     7.51G   0.01301  0.005171         0   0.01818        30       480    0.9957    0.9978    0.9969    0.9189  0.009687  0.002229         0
   293/299     7.51G   0.01289  0.005098         0   0.01799        21       480    0.9957    0.9978    0.9969     0.919  0.009667  0.002225         0
   294/299     7.51G   0.01301  0.005126         0   0.01813        24       480    0.9957    0.9978    0.9969    0.9199  0.009648  0.002222         0
   295/299     7.51G   0.01292  0.005095         0   0.01801        23       480    0.9957    0.9978    0.9969    0.9206   0.00963  0.002217         0
   296/299     7.51G   0.01298  0.005157         0   0.01814        26       480    0.9957    0.9978    0.9969    0.9212  0.009611  0.002213         0
   297/299     7.51G   0.01298   0.00509         0   0.01807        22       480    0.9957    0.9978    0.9969    0.9214  0.009591   0.00221         0
   298/299     7.51G   0.01309  0.005113         0   0.01821        35       480    0.9957    0.9978    0.9969    0.9214  0.009569  0.002205         0
   299/299     7.51G   0.01296  0.005062         0   0.01802        27       480    0.9957    0.9978    0.9969    0.9217  0.009548  0.002201         0
